19
19
18
19
18
19
18
18
19
18
19
18
18
18
18
19
20
19
19
19
20
18
19
18
19
18
18
19
18
19
19
18
19
18
19
20
19
19
19
19
18
19
20
19
19
20
19
19
19
19
19
19
18
18
18
19
20
19
20
19
18
19
19
20
19
20
20
20
19
19
20
18
18
19
19
19
20
19
19
18
20
19
20
20
19
19
19
18
19
19
18
18
22
17
20
15
18
22
16
17
19
19
19
19
18
18
19
19
18
21
19
18
19
19
20
18
19
18
17
17
-20
144
10
-10
12
0
25
18
29
39
39
130
4
32
34
32
20
3
12
36
22
21
21
20
21
20
21
20
22
20
21
19
99
16
30
43
41
62
24
23
27
31
33
14
12
-27
-27
14
7
35
23
22
21
24
22
23
23
23
23
23
23
23
23
22
23
22
23
22
23
22
21
38
26
6
-9
1
-4
-4
-2
25
67
42
49
82
53
43
29
24
-6
24
18
19
18
19
18
20
18
20
19
18
19
19
18
19
19
18
19
17
17
18
94
-31
26
51
41
35
26
26
50
45
38
34
19
16
-40
-6
-1
5
17
22
24
23
22
23
23
22
23
22
23
22
23
22
22
24
23
23
23
22
22
23
22
22
22
22
23
23
22
23
23
6
85
-4
11
5
-7
4
3
1
17
50
13
30
60
58
58
24
18
18
17
17
18
18
17
18
18
18
19
18
17
18
3
18
11
9
7
1
1
-5
-10
-14
-15
-30
-39
-42
-58
-57
-64
-68
-71
-73
-75
-72
-79
-82
-84
-82
-84
-80
-78
-64
-61
-54
-49
-26
-30
-25
-21
-16
-5
4
8
11
14
16
23
21
18
19
19
19
22
20
27
37
24
43
46
57
62
72
85
91
109
111
111
111
114
117
123
116
118
116
116
112
107
99
97
92
88
83
79
69
64
55
51
41
38
32
22
10
19
15
4
39
35
23
22
19
19
19
19
18
19
20
19
19
19
19
18
20
-4
58
61
58
86
5
-5
20
-29
-8
1
20
17
19
23
24
24
22
23
24
22
23
23
22
22
13
12
59
10
-7
6
10
-23
-16
-2
19
38
49
73
58
48
56
10
19
14
14
17
16
16
15
16
18
16
14
18
16
16
40
18
28
24
31
50
16
26
30
13
2
-10
-19
-19
10
24
7
16
21
23
23
22
20
23
21
22
22
22
21
22
22
22
21
22
22
22
23
21
23
21
21
23
22
20
22
22
22
23
21
22
24
22
22
22
22
22
22
21
22
22
22
22
22
21
22
20
23
21
24
22
22
23
23
24
22
22
22
22
22
23
22
20
22
21
22
22
21